2 -4.32168
2.11111 84.821
2.22222 192.499
2.33333 315.635
2.44444 451.153
2.55556 595.977
2.66667 747.03
2.77778 901.235
2.88889 1055.52
3 1206.8
3.11111 1352
3.22222 1488.05
3.33333 1613.79
3.44444 1735.73
3.55556 1862.31
3.66667 2001.96
3.77778 2163.11
3.88889 2354.21
4 2583.68
4.11111 2859.96
4.22222 3191.49
4.33333 3586.69
4.44444 4054
4.55556 4598.73
4.66667 5213.69
4.77778 5888.56
4.88889 6613.04
5 7376.81
5.11111 8169.55
5.22222 8980.95
5.33333 9800.69
5.44444 10618.5
5.55556 11424
5.66667 12206.8
5.77778 12962.1
5.88889 13705.4
6 14457.9
6.11111 15240.7
6.22222 16074.7
6.33333 16981
6.44444 17980.7
6.55556 19094.9
6.66667 20344.4
6.77778 21750.5
6.88889 23334.2
7 25108.4
7.11111 27053.9
7.22222 29143.6
7.33333 31350.1
7.44444 33646.3
7.55556 36004.9
7.66667 38398.6
7.77778 40800.3
7.88889 43182.7
8 45518.5
8.11111 47780.5
8.22222 49954.6
8.33333 52078.8
8.44444 54204.6
8.55556 56383.2
8.66667 58665.7
8.77778 61103.5
8.88889 63747.9
9 66650
9.11111 69861.3
9.22222 73432.8
9.33333 77415.9
9.44444 81883
9.55556 86990.3
9.66667 92915.6
9.77778 99836.2
9.88889 107930
10 117374
10.1111 128346
10.2222 141023
10.3333 155583
10.4444 172204
10.5556 191062
10.6667 138629
10.7778 142795
10.8889 146946
11 151275
11.1111 155975
11.2222 161238
11.3333 167258
11.4444 174228
11.5556 182341
11.6667 191789
11.7778 202767
11.8889 206572
12 217981
12.1111 229691
12.2222 241159
12.3333 251841
12.4444 261195
12.5556 268677
12.6667 273744
12.7778 275853
12.8889 274462
13 269027
