21
0 -0.980079 1.87027 -0.105756 0.00748622
3 4.18769 1.58559 -0.084392 0.00675671
6 8.59429 1.36173 -0.0652161 0.00602721
9 12.4123 1.19211 -0.0482287 0.00529771
12 15.7946 1.07017 -0.0334298 0.00456821
15 18.8744 0.989341 -0.0208194 0.00383871
18 21.7652 0.943063 -0.0103975 0.00310921
21 24.5608 0.924767 -0.00216415 0.00237971
24 27.3352 0.927889 0.00388073 0.00165021
27 30.143 0.945863 0.00773711 0.000920709
30 33.0187 0.972123 0.00940498 0.000191208
33 35.9774 1.0001 0.00888435 -0.000538293
36 39.0145 1.02324 0.00617522 -0.00126779
39 42.1055 1.03497 0.00127759 -0.00199729
42 45.2063 1.02872 -0.00580854 -0.0027268
45 48.2532 0.997928 -0.0150832 -0.0034563
48 51.1628 0.936031 -0.0265463 -0.0041858
51 53.8317 0.836461 -0.040198 -0.0049153
54 56.1373 0.692654 -0.0560381 -0.0056448
57 57.9369 0.498044 -0.0740668 -0.0063743
60 59.0682 0.246065 -0.0942839 -0.0071038
